-0.9885931558935361 24.0 
-0.49429657794676807 2.0 
-0.9885931558935361 24.0 
-0.49429657794676807 2.0 
-0.5931558935361216 3.0 
-0.5931558935361216 3.0 
-0.6844106463878327 4.0 
-0.6844106463878327 4.0 
-0.752851711026616 5.0 
-0.752851711026616 5.0 
-0.8022813688212928 6.0 
-0.8022813688212928 6.0 
-0.8403041825095057 7.0 
-0.8403041825095057 7.0 
-0.8669201520912547 8.0 
-0.8669201520912547 8.0 
-0.8821292775665399 9.0 
-0.8973384030418251 10.0 
-0.8821292775665399 9.0 
-0.8973384030418251 10.0 
-0.9125475285171103 11.0 
-0.9125475285171103 11.0 
-0.9239543726235742 12.0 
-0.9315589353612167 13.0 
-0.9467680608365019 15.0 
-0.9391634980988594 14.0 
-0.9543726235741445 16.0 
-0.9239543726235742 12.0 
-0.9391634980988594 14.0 
-0.9543726235741445 16.0 
-0.9467680608365019 15.0 
-0.9619771863117871 17.0 
-0.9315589353612167 13.0 
-0.9619771863117871 17.0 
-0.9847908745247148 23.0 
-0.9695817490494296 19.0 
-0.973384030418251 20.0 
-0.9809885931558935 22.0 
-0.973384030418251 20.0 
-0.9847908745247148 23.0 
-0.9657794676806084 18.0 
-0.9771863117870723 21.0 
-0.9657794676806084 18.0 
-0.9771863117870723 21.0 
-0.9809885931558935 22.0 
-0.9695817490494296 19.0 
-0.9885931558935361 24.0 
-0.49429657794676807 2.0 
-0.5931558935361216 3.0 
-0.6844106463878327 4.0 
-0.752851711026616 5.0 
-0.8022813688212928 6.0 
-0.8403041825095057 7.0 
-0.8669201520912547 8.0 
-0.8973384030418251 10.0 
-0.8821292775665399 9.0 
-0.9125475285171103 11.0 
-0.9239543726235742 12.0 
-0.9543726235741445 16.0 
-0.9391634980988594 14.0 
-0.9467680608365019 15.0 
-0.9315589353612167 13.0 
-0.9619771863117871 17.0 
-0.9847908745247148 23.0 
-0.973384030418251 20.0 
-0.9657794676806084 18.0 
-0.9771863117870723 21.0 
-0.9695817490494296 19.0 
-0.9809885931558935 22.0 
-0.49429657794676807 2.0 
-0.9885931558935361 24.0 
-0.5931558935361216 3.0 
-0.6844106463878327 4.0 
-0.752851711026616 5.0 
-0.8022813688212928 6.0 
-0.8403041825095057 7.0 
-0.8669201520912547 8.0 
-0.8821292775665399 9.0 
-0.8973384030418251 10.0 
-0.9125475285171103 11.0 
-0.9239543726235742 12.0 
-0.9391634980988594 14.0 
-0.9543726235741445 16.0 
-0.9315589353612167 13.0 
-0.9467680608365019 15.0 
-0.9619771863117871 17.0 
-0.9847908745247148 23.0 
-0.973384030418251 20.0 
-0.9657794676806084 18.0 
-0.9771863117870723 21.0 
-0.9809885931558935 22.0 
-0.9695817490494296 19.0 
-0.9885931558935361 24.0 
-0.49429657794676807 2.0 
-0.5931558935361216 3.0 
-0.6844106463878327 4.0 
-0.752851711026616 5.0 
-0.8022813688212928 6.0 
-0.8403041825095057 7.0 
-0.8669201520912547 8.0 
