-0.9277566539923955 12.0 
-0.49429657794676807 2.0 
-0.49429657794676807 2.0 
-0.49429657794676807 2.0 
-0.6007604562737643 3.0 
-0.49429657794676807 2.0 
-0.6007604562737643 3.0 
-0.49429657794676807 2.0 
-0.8022813688212928 6.0 
-0.8022813688212928 6.0 
-0.9429657794676806 14.0 
-0.49429657794676807 2.0 
-0.6007604562737643 3.0 
-0.8022813688212928 6.0 
-0.9429657794676806 14.0 
-0.6007604562737643 3.0 
-0.6007604562737643 3.0 
-0.8022813688212928 6.0 
-0.9049429657794676 10.0 
-0.2623574144486692 1.0 
-0.6844106463878327 4.0 
-0.8022813688212928 6.0 
-0.8669201520912547 8.0 
-0.8022813688212928 6.0 
-0.9049429657794676 10.0 
-0.8859315589353612 9.0 
-0.935361216730038 13.0 
-0.8859315589353612 9.0 
-0.9049429657794676 10.0 
-0.9277566539923955 12.0 
-0.9277566539923955 12.0 
-0.9163498098859315 11.0 
-0.9163498098859315 11.0 
-0.9163498098859315 11.0 
-0.6844106463878327 4.0 
-0.6844106463878327 4.0 
-0.8859315589353612 9.0 
-0.6844106463878327 4.0 
-0.6844106463878327 4.0 
-0.6844106463878327 4.0 
-0.6844106463878327 4.0 
-0.9049429657794676 10.0 
-0.935361216730038 13.0 
-0.9049429657794676 10.0 
-0.752851711026616 5.0 
-0.752851711026616 5.0 
-0.752851711026616 5.0 
-0.6007604562737643 3.0 
-0.752851711026616 5.0 
-0.752851711026616 5.0 
-0.8403041825095057 7.0 
-0.752851711026616 5.0 
-0.8403041825095057 7.0 
-0.8403041825095057 7.0 
-0.8403041825095057 7.0 
-0.6007604562737643 3.0 
-0.8403041825095057 7.0 
-0.2623574144486692 1.0 
-0.8403041825095057 7.0 
-0.2623574144486692 1.0 
-0.6844106463878327 4.0 
-0.6844106463878327 4.0 
-0.6844106463878327 4.0 
-0.6844106463878327 4.0 
-0.6007604562737643 3.0 
-0.2623574144486692 1.0 
-0.2623574144486692 1.0 
-0.2623574144486692 1.0 
-0.8403041825095057 7.0 
-0.8669201520912547 8.0 
-0.2623574144486692 1.0 
-0.2623574144486692 1.0 
-0.8403041825095057 7.0 
-0.8403041825095057 7.0 
-0.8022813688212928 6.0 
-0.8022813688212928 6.0 
-0.8022813688212928 6.0 
-0.8022813688212928 6.0 
-0.49429657794676807 2.0 
-0.49429657794676807 2.0 
-0.49429657794676807 2.0 
-0.49429657794676807 2.0 
-0.8669201520912547 8.0 
-0.6007604562737643 3.0 
-0.6007604562737643 3.0 
-0.8669201520912547 8.0 
-0.8669201520912547 8.0 
-0.8669201520912547 8.0 
-0.8669201520912547 8.0 
-0.8669201520912547 8.0 
-0.8859315589353612 9.0 
-0.8859315589353612 9.0 
-0.9581749049429658 16.0 
-0.752851711026616 5.0 
-0.752851711026616 5.0 
-0.9505703422053232 15.0 
-0.752851711026616 5.0 
-0.752851711026616 5.0 
-0.9049429657794676 10.0 
-0.752851711026616 5.0 
