0010000000000000000001010101011110000110001 
0010000000000000000000000000000000000010000 
0010000000000000000000000000000000000010000 
0010000000000000000000000000000000000010000 
0010000000000000000000000000001000000010000 
0010000000000000000000000000000000000010000 
0010000000000000000000000000001000000010000 
0010000000000000000000000000000000000010000 
0010000000000000000000100100000001000110000 
0010000000000000000000100100000001000110000 
0010000000000000000101010101011110000110011 
0010000000000000000000000000000000000010000 
0010000000000000000000000000001000000010000 
0010000000000000000000100100000001000110000 
0010000000000000000101010101011110000110011 
0010000000000000000000000000001000000010000 
0010000000000000000000000000001000000010000 
0010000000000000000000100100000001000110000 
0010000000000000000001010100011100000110001 
0010000000000000000000000000000000000000000 
0010000000000000000000100000000001000010000 
0010000000000000000000100100000001000110000 
0010000000000000000000010100011100000110000 
0010000000000000000000100100000001000110000 
0010000000000000000001010100011100000110001 
0010000000000000000000010100011100000110001 
0010000000000000000001010101011110000110011 
0010000000000000000000010100011100000110001 
0010000000000000000001010100011100000110001 
0010000000000000000001010101011110000110001 
0010000000000000000001010101011110000110001 
0010000000000000000001010101011100000110001 
0010000000000000000001010101011100000110001 
0010000000000000000001010101011100000110001 
0010000000000000000000100000000001000010000 
0010000000000000000000100000000001000010000 
0010000000000000000000010100011100000110001 
0010000000000000000000100000000001000010000 
0010000000000000000000100000000001000010000 
0010000000000000000000100000000001000010000 
0010000000000000000000100000000001000010000 
0010000000000000000001010100011100000110001 
0010000000000000000001010101011110000110011 
0010000000000000000001010100011100000110001 
0010000000000000000000100000000001000110000 
0010000000000000000000100000000001000110000 
0010000000000000000000100000000001000110000 
0010000000000000000000000000001000000010000 
0010000000000000000000100000000001000110000 
0010000000000000000000100000000001000110000 
0010000000000000000000000100011100000110000 
0010000000000000000000100000000001000110000 
0010000000000000000000000100011100000110000 
0010000000000000001000100100000001000110000 
0010000000000000000000000100011100000110000 
0010000000000000000000000000001000000010000 
0010000000000000001000100100000001000110000 
0010000000000000000000000000000000000000000 
0010000000000000001000100100000001000110000 
0010000000000000000000000000000000000000000 
0010000000000000000000100000000001000010000 
0010000000000000000000100000000001000010000 
0010000000000000000000100000000001000010000 
0010000000000000000000100000000001000010000 
0010000000000000000000000000001000000010000 
0010000000000000000000000000000000000000000 
0010000000000000000000000000000000000000000 
0010000000000000000000000000000000000000000 
0010000000000000001000100100000001000110000 
0010000000000000000000010100011100000110000 
0010000000000000000000000000000000000000000 
0010000000000000000000000000000000000000000 
0010000000000000000000000100011100000110000 
0010000000000000001000100100000001000110000 
0010000000000000000000100100000001000110000 
0010000000000000000000100100000001000110000 
0010000000000000000000100100000001000110000 
0010000000000000000000100100000001000110000 
0010000000000000000000000000000000000010000 
0010000000000000000000000000000000000010000 
0010000000000000000000000000000000000010000 
0010000000000000000000000000000000000010000 
0010000000000000001000110100000001000110000 
0010000000000000000000000000001000000010000 
0010000000000000000000000000001000000010000 
0010000000000000000000010100011100000110000 
0010000000000000000000010100011100000110000 
0010010000000000001000100100000001000110000 
0010000000000000000000010100011100000110000 
0010000000000000000000010100011100000110000 
0010000000000000000000010100011100000110001 
0010000000000000000000010100011100000110001 
0010000100000100000101010101011110000110011 
0010000000000000000000100000000001000110000 
0010000000000000000000100000000001000110000 
0010000000000100000101010101011110000110011 
0010000000000000000000100000000001000110000 
0010000000000000000000100000000001000110000 
0010000000000000000001010100011100000110001 
0010000000000000000000100000000001000110000 
