0010000000000000000000000000011000000010000 
0010000000000000000000000000011010000110000 
0010000000000000000101010101011110000110001 
0010000000000000000000000000010100000010001 
0010000000000100000101010101011110000110011 
0010000000000000000101010101011110000110001 
0010000000000000000000000000011000000010000 
0010000000000000000000000000011000000010000 
0010100100000100000101010101011110000110011 
0010000000000000000000000000011000000010000 
0010000100000100000101010101011110000110011 
0010000000000000000001010101011110000110001 
0010000000000000000001010101011110000110001 
0010000101001100001111010101011110000110011 
0010000000000000000000000000000000000010000 
0010000000000000000000000000011010000110000 
0010000000000000000000000000011000000010000 
0010000000000000000001010101011110000110011 
0010000000000000000000000000010100000010001 
0010000000000000000000000000010100000010001 
0010000000000000000001010101011110000110001 
0010000000000000000000000100011100000110000 
0010000000000000000000000000011000000010000 
0010000000000000000000000000010100000010001 
0010000000000000000000000000010100000010001 
0010000000000000000001010101011110000110001 
0010000000000000000101010100011110000110011 
0010000000000000000001010100011100000110001 
0010000000000000000000000000010100000010001 
0010100100001100000101010101011110000110011 
0010000000000000000101010101011110000110011 
0010000000000000000001010100011100000110000 
0010000000000000000001010100011100000110000 
0010000000000100000101010101011110000110011 
0010000000000000000001010100011100000110001 
0010000000000000000001010100011100000110001 
0010000000000000000001010100011100000110001 
0010000100000100000101010101011110000110001 
0010000000000000000000000000011010000110000 
0011100101001100001111010101011110000110011 
0010000000000000000101010101011110000110011 
0010000000000000000000000100011100000110000 
0010000000000000000000010100011100000110000 
0010000000000000000101010101011110000110011 
0010000000000000000000010100011100000110000 
0010000000000000000000010100011100000110000 
0010000000000000000000010100011100000110000 
0010000000000100000101010101011110000110011 
0010000000000000000101010101011110000110011 
0010000000000000000000010100011100000110000 
0010000000000000000001010100011110000110001 
0010100100000100000101010101011110000110011 
0010000000000000000000000000000000000010000 
0010000000000000000001010100011110000110001 
0010000000000000000000010100011100000110000 
0010000000000000000001010100011110000110001 
0010000000000000000101010100011100000110001 
0010000000000000000000010100011100000110000 
0010000000000000000000010100011100000110000 
0010000000000000000001010101011100000110001 
0010000000000000000000000100011100000110000 
0010000000000000000000000100011100000110000 
0010000000000000000000000100011100000110000 
0010000000000000000000000100011100000110000 
0010000101001100001111010101011110000110011 
0010000000000000000000000100011100000110000 
0010000000000000000000000100011100000110000 
0010000000000000000000000100011100000110000 
0010000000000000000000000000011010000110000 
0010000000000000000000000000000000000010000 
0010000000000000000001010100011100000110001 
0010000000000000000001010100011100000110001 
0010000000000000000000000000001000000010000 
0010000000000000000000000000001000000010000 
0010000000000000000000000000001000000010000 
0010000000000000000001010100011100000110001 
0010000000000000000001010100011100000110001 
0010000000000000000000000000001000000010000 
0010000100000100000101010101011110000110011 
0010100101001100000101010101011110000110011 
0010000100000100000101010101011110000110011 
0010000100000100000101010101011110000110011 
0010000000000000000001010101011110000110001 
0010000000000000000001010101011110000110001 
0010000000000000000000000000011010000110000 
0010000000000000000000000000011010000110000 
0010000000000000000000000000011010000110000 
0010000000000000000000000000001000000010000 
0010100100001100000101010101011110000110011 
0010000000000000000000000000010100000010001 
0010000000000000000000000000010100000010001 
0010000100000100000101010101011110000110011 
0010000000000000000001010101011110000110001 
0010000000000000000000000000011010000110000 
0011100101001100001101010101011110000110011 
0010000000000000000000010100011100000110001 
0010000000000000000000010100011100000110001 
0010000000000000000000010100011100000110001 
0010000000000000000001010100011100000110000 
0010000000000000000001010100011100000110000 
