-0.2623574144486692 1.0 
-1.0 28.0 
-0.49429657794676807 2.0 
-0.2623574144486692 1.0 
-0.49429657794676807 2.0 
-0.2623574144486692 1.0 
-0.2623574144486692 1.0 
-0.49429657794676807 2.0 
-0.2623574144486692 1.0 
-0.49429657794676807 2.0 
-0.49429657794676807 2.0 
-0.2623574144486692 1.0 
-0.2623574144486692 1.0 
-0.49429657794676807 2.0 
-0.8136882129277566 8.0 
-0.2623574144486692 1.0 
-0.49429657794676807 2.0 
-0.2623574144486692 1.0 
-0.2623574144486692 1.0 
-0.49429657794676807 2.0 
-0.49429657794676807 2.0 
-0.2623574144486692 1.0 
-0.49429657794676807 2.0 
-0.2623574144486692 1.0 
-0.2623574144486692 1.0 
-0.935361216730038 15.0 
-0.2623574144486692 1.0 
-0.49429657794676807 2.0 
-0.2623574144486692 1.0 
-0.49429657794676807 2.0 
-0.49429657794676807 2.0 
-0.2623574144486692 1.0 
-0.2623574144486692 1.0 
-0.9771863117870723 22.0 
-0.49429657794676807 2.0 
-0.2623574144486692 1.0 
-0.49429657794676807 2.0 
-0.2623574144486692 1.0 
-0.49429657794676807 2.0 
-0.2623574144486692 1.0 
-0.2623574144486692 1.0 
-0.49429657794676807 2.0 
-0.49429657794676807 2.0 
-0.2623574144486692 1.0 
-0.2623574144486692 1.0 
-0.49429657794676807 2.0 
-0.2623574144486692 1.0 
-0.49429657794676807 2.0 
-0.2623574144486692 1.0 
-0.49429657794676807 2.0 
-0.2623574144486692 1.0 
-0.49429657794676807 2.0 
-0.49429657794676807 2.0 
-0.2623574144486692 1.0 
-0.2623574144486692 1.0 
-0.49429657794676807 2.0 
-0.49429657794676807 2.0 
-0.2623574144486692 1.0 
-0.6844106463878327 7.0 
-0.2623574144486692 1.0 
-0.49429657794676807 2.0 
-0.2623574144486692 1.0 
-0.49429657794676807 2.0 
-0.2623574144486692 1.0 
-0.2623574144486692 1.0 
-0.49429657794676807 2.0 
-0.2623574144486692 1.0 
-0.49429657794676807 2.0 
-0.49429657794676807 2.0 
-0.2623574144486692 1.0 
-0.2623574144486692 1.0 
-0.973384030418251 21.0 
-0.2623574144486692 1.0 
-0.49429657794676807 2.0 
-0.49429657794676807 2.0 
-0.2623574144486692 1.0 
-0.2623574144486692 1.0 
-0.49429657794676807 2.0 
-0.2623574144486692 1.0 
-0.49429657794676807 2.0 
-0.2623574144486692 1.0 
-0.49429657794676807 2.0 
-0.2623574144486692 1.0 
-0.49429657794676807 2.0 
-0.2623574144486692 1.0 
-0.973384030418251 21.0 
-0.2623574144486692 1.0 
-0.49429657794676807 2.0 
-0.49429657794676807 2.0 
-0.2623574144486692 1.0 
-0.49429657794676807 2.0 
-0.2623574144486692 1.0 
-0.49429657794676807 2.0 
-0.2623574144486692 1.0 
-0.2623574144486692 1.0 
-0.49429657794676807 2.0 
-0.49429657794676807 2.0 
-0.2623574144486692 1.0 
-0.49429657794676807 2.0 
-0.2623574144486692 1.0 
-0.2623574144486692 1.0 
-0.49429657794676807 2.0 
-0.2623574144486692 1.0 
-0.49429657794676807 2.0 
