-1.0 27.0 
-0.2623574144486692 1.0 
-0.49429657794676807 2.0 
-0.2623574144486692 1.0 
-0.49429657794676807 2.0 
-0.2623574144486692 1.0 
-0.2623574144486692 1.0 
-0.49429657794676807 2.0 
-0.49429657794676807 2.0 
-0.2623574144486692 1.0 
-0.7186311787072244 5.0 
-0.2623574144486692 1.0 
-0.2623574144486692 1.0 
-0.49429657794676807 2.0 
-0.2623574144486692 1.0 
-0.49429657794676807 2.0 
-0.49429657794676807 2.0 
-0.2623574144486692 1.0 
-0.2623574144486692 1.0 
-0.49429657794676807 2.0 
-0.6730038022813688 4.0 
-0.2623574144486692 1.0 
-0.2623574144486692 1.0 
-0.49429657794676807 2.0 
-0.2623574144486692 1.0 
-0.49429657794676807 2.0 
-0.49429657794676807 2.0 
-0.2623574144486692 1.0 
-0.2623574144486692 1.0 
-0.49429657794676807 2.0 
-0.2623574144486692 1.0 
-0.49429657794676807 2.0 
-0.49429657794676807 2.0 
-0.2623574144486692 1.0 
-0.2623574144486692 1.0 
-0.49429657794676807 2.0 
-0.2623574144486692 1.0 
-0.49429657794676807 2.0 
-0.2623574144486692 1.0 
-0.49429657794676807 2.0 
-0.2623574144486692 1.0 
-0.49429657794676807 2.0 
-0.2623574144486692 1.0 
-0.49429657794676807 2.0 
-0.49429657794676807 2.0 
-0.2623574144486692 1.0 
-0.2623574144486692 1.0 
-0.49429657794676807 2.0 
-0.49429657794676807 2.0 
-0.2623574144486692 1.0 
-0.49429657794676807 2.0 
-0.2623574144486692 1.0 
-0.2623574144486692 1.0 
-0.49429657794676807 2.0 
-0.49429657794676807 2.0 
-0.2623574144486692 1.0 
-0.49429657794676807 2.0 
-0.2623574144486692 1.0 
-0.2623574144486692 1.0 
-0.49429657794676807 2.0 
-0.2623574144486692 1.0 
-0.49429657794676807 2.0 
-0.2623574144486692 1.0 
-0.5551330798479087 3.0 
-0.2623574144486692 1.0 
-0.49429657794676807 2.0 
-0.2623574144486692 1.0 
-0.49429657794676807 2.0 
-0.2623574144486692 1.0 
-0.49429657794676807 2.0 
-0.49429657794676807 2.0 
-0.2623574144486692 1.0 
-0.49429657794676807 2.0 
-0.2623574144486692 1.0 
-0.49429657794676807 2.0 
-0.2623574144486692 1.0 
-0.49429657794676807 2.0 
-0.2623574144486692 1.0 
-0.49429657794676807 2.0 
-0.2623574144486692 1.0 
-0.49429657794676807 2.0 
-0.2623574144486692 1.0 
-0.8783269961977186 12.0 
-0.2623574144486692 1.0 
-0.49429657794676807 2.0 
-0.2623574144486692 1.0 
-0.2623574144486692 1.0 
-0.49429657794676807 2.0 
-0.49429657794676807 2.0 
-0.2623574144486692 1.0 
-0.2623574144486692 1.0 
-0.7832699619771863 7.0 
-0.5551330798479087 3.0 
-0.2623574144486692 1.0 
-0.49429657794676807 2.0 
-0.2623574144486692 1.0 
-0.2623574144486692 1.0 
-0.49429657794676807 2.0 
-0.2623574144486692 1.0 
-0.49429657794676807 2.0 
-0.49429657794676807 2.0 
-0.2623574144486692 1.0 
-0.49429657794676807 2.0 
-0.2623574144486692 1.0 
