0011100111011110001001110101001111101111011 
0010000000000000000000000000000000000000000 
0010000000000000000000000000000000000010000 
0010000000000000000000000000000000000000000 
0010000000000000000000000000000000000010000 
0010000000000000000000000000000000000000000 
0010000000000000000000000000000000000000000 
0010000000000000000000000000000000000010000 
0010000000000000000000000000000000000010000 
0010000000000000000000000000000000000000000 
0010000000000000000000000000010100000010010 
0010000000000000000000000000000000000000000 
0010000000000000000000000000000000000000000 
0010000000000000000000000000000000000010000 
0010000000000000000000000000000000000000000 
0010000000000000000000000000000000000010000 
0010000000000000000000000000000000000010000 
0010000000000000000000000000000000000000000 
0010000000000000000000000000000000000000000 
0010000000000000000000000000000000000010000 
0010000000100000000000000000000100000010000 
0010000000000000000000000000000000000000000 
0010000000000000000000000000000000000000000 
0010000000000000000000000000000000000010000 
0010000000000000000000000000000000000000000 
0010000000000000000000000000000000000010000 
0010000000000000000000000000000000000010000 
0010000000000000000000000000000000000000000 
0010000000000000000000000000000000000000000 
0010000000000000000000000000000000000010000 
0010000000000000000000000000000000000000000 
0010000000000000000000000000000000000010000 
0010000000000000000000000000000000000010000 
0010000000000000000000000000000000000000000 
0010000000000000000000000000000000000000000 
0010000000000000000000000000000000000010000 
0010000000000000000000000000000000000000000 
0010000000000000000000000000000000000010000 
0010000000000000000000000000000000000000000 
0010000000000000000000000000000000000010000 
0010000000000000000000000000000000000000000 
0010000000000000000000000000000000000010000 
0010000000000000000000000000000000000000000 
0010000000000000000000000000000000000010000 
0010000000000000000000000000000000000010000 
0010000000000000000000000000000000000000000 
0010000000000000000000000000000000000000000 
0010000000000000000000000000000000000010000 
0010000000000000000000000000000000000010000 
0010000000000000000000000000000000000000000 
0010000000000000000000000000000000000010000 
0010000000000000000000000000000000000000000 
0010000000000000000000000000000000000000000 
0010000000000000000000000000000000000010000 
0010000000000000000000000000000000000010000 
0010000000000000000000000000000000000000000 
0010000000000000000000000000000000000010000 
0010000000000000000000000000000000000000000 
0010000000000000000000000000000000000000000 
0010000000000000000000000000000000000010000 
0010000000000000000000000000000000000000000 
0010000000000000000000000000000000000010000 
0010000000000000000000000000000000000000000 
0010000000000000000000000000000000001010000 
0010000000000000000000000000000000000000000 
0010000000000000000000000000000000000010000 
0010000000000000000000000000000000000000000 
0010000000000000000000000000000000000010000 
0010000000000000000000000000000000000000000 
0010000000000000000000000000000000000010000 
0010000000000000000000000000000000000010000 
0010000000000000000000000000000000000000000 
0010000000000000000000000000000000000010000 
0010000000000000000000000000000000000000000 
0010000000000000000000000000000000000010000 
0010000000000000000000000000000000000000000 
0010000000000000000000000000000000000010000 
0010000000000000000000000000000000000000000 
0010000000000000000000000000000000000010000 
0010000000000000000000000000000000000000000 
0010000000000000000000000000000000000010000 
0010000000000000000000000000000000000000000 
0010000000000000001001110101001110100010000 
0010000000000000000000000000000000000000000 
0010000000000000000000000000000000000010000 
0010000000000000000000000000000000000000000 
0010000000000000000000000000000000000000000 
0010000000000000000000000000000000000010000 
0010000000000000000000000000000000000010000 
0010000000000000000000000000000000000000000 
0010000000000000000000000000000000000000000 
0010000000000000000000010100010100000010010 
0010000000000000000000000000000000001010000 
0010000000000000000000000000000000000000000 
0010000000000000000000000000000000000010000 
0010000000000000000000000000000000000000000 
0010000000000000000000000000000000000000000 
0010000000000000000000000000000000000010000 
0010000000000000000000000000000000000000000 
0010000000000000000000000000000000000010000 
0010000000000000000000000000000000000010000 
0010000000000000000000000000000000000000000 
0010000000000000000000000000000000000010000 
0010000000000000000000000000000000000000000 
