0010000000000000000000000000000000000000000 
0011110111011100001101010101011111110111011 
0010000000000000000000000000000000000010000 
0010000000000000000000000000000000000000000 
0010000000000000000000000000000000000010000 
0010000000000000000000000000000000000000000 
0010000000000000000000000000000000000000000 
0010000000000000000000000000000000000010000 
0010000000000000000000000000000000000000000 
0010000000000000000000000000000000000010000 
0010000000000000000000000000000000000010000 
0010000000000000000000000000000000000000000 
0010000000000000000000000000000000000000000 
0010000000000000000000000000000000000010000 
0110000000000000000000000101011000000110000 
0010000000000000000000000000000000000000000 
0010000000000000000000000000000000000010000 
0010000000000000000000000000000000000000000 
0010000000000000000000000000000000000000000 
0010000000000000000000000000000000000010000 
0010000000000000000000000000000000000010000 
0010000000000000000000000000000000000000000 
0010000000000000000000000000000000000010000 
0010000000000000000000000000000000000000000 
0010000000000000000000000000000000000000000 
0010000000000000000101010101010111110111000 
0010000000000000000000000000000000000000000 
0010000000000000000000000000000000000010000 
0010000000000000000000000000000000000000000 
0010000000000000000000000000000000000010000 
0010000000000000000000000000000000000010000 
0010000000000000000000000000000000000000000 
0010000000000000000000000000000000000000000 
0010000000011100001101010101011111110111011 
0010000000000000000000000000000000000010000 
0010000000000000000000000000000000000000000 
0010000000000000000000000000000000000010000 
0010000000000000000000000000000000000000000 
0010000000000000000000000000000000000010000 
0010000000000000000000000000000000000000000 
0010000000000000000000000000000000000000000 
0010000000000000000000000000000000000010000 
0010000000000000000000000000000000000010000 
0010000000000000000000000000000000000000000 
0010000000000000000000000000000000000000000 
0010000000000000000000000000000000000010000 
0010000000000000000000000000000000000000000 
0010000000000000000000000000000000000010000 
0010000000000000000000000000000000000000000 
0010000000000000000000000000000000000010000 
0010000000000000000000000000000000000000000 
0010000000000000000000000000000000000010000 
0010000000000000000000000000000000000010000 
0010000000000000000000000000000000000000000 
0010000000000000000000000000000000000000000 
0010000000000000000000000000000000000010000 
0010000000000000000000000000000000000010000 
0010000000000000000000000000000000000000000 
0010000000000000000000000000000000110111010 
0010000000000000000000000000000000000000000 
0010000000000000000000000000000000000010000 
0010000000000000000000000000000000000000000 
0010000000000000000000000000000000000010000 
0010000000000000000000000000000000000000000 
0010000000000000000000000000000000000000000 
0010000000000000000000000000000000000010000 
0010000000000000000000000000000000000000000 
0010000000000000000000000000000000000010000 
0010000000000000000000000000000000000010000 
0010000000000000000000000000000000000000000 
0010000000000000000000000000000000000000000 
0010000000011100000101010101011111110111011 
0010000000000000000000000000000000000000000 
0010000000000000000000000000000000000010000 
0010000000000000000000000000000000000010000 
0010000000000000000000000000000000000000000 
0010000000000000000000000000000000000000000 
0010000000000000000000000000000000000010000 
0010000000000000000000000000000000000000000 
0010000000000000000000000000000000000010000 
0010000000000000000000000000000000000000000 
0010000000000000000000000000000000000010000 
0010000000000000000000000000000000000000000 
0010000000000000000000000000000000000010000 
0010000000000000000000000000000000000000000 
0010000000011100000101010101011111110111011 
0010000000000000000000000000000000000000000 
0010000000000000000000000000000000000010000 
0010000000000000000000000000000000000010000 
0010000000000000000000000000000000000000000 
0010000000000000000000000000000000000010000 
0010000000000000000000000000000000000000000 
0010000000000000000000000000000000000010000 
0010000000000000000000000000000000000000000 
0010000000000000000000000000000000000000000 
0010000000000000000000000000000000000010000 
0010000000000000000000000000000000000010000 
0010000000000000000000000000000000000000000 
0010000000000000000000000000000000000010000 
0010000000000000000000000000000000000000000 
0010000000000000000000000000000000000000000 
0010000000000000000000000000000000000010000 
0010000000000000000000000000000000000000000 
0010000000000000000000000000000000000010000 
